$ 1 0.000005 10.20027730826997 50 5 50 5e-11
a 160 112 240 112 8 15 -15 1000000 0 0 100000
150 288 128 384 128 0 2 0 5
I 240 144 288 144 0 0.5 5
w 240 144 240 112 0
d 384 128 416 128 2 default
w 288 112 240 112 0
w 416 128 432 128 0
r 416 128 416 176 0 1000
c 432 128 432 176 0 0.00001 0 0.001
g 416 176 416 192 0 0
g 432 176 432 192 0 0
I 432 128 496 128 0 0.5 5
x 41 233 222 236 4 24 \prx/-rx\sschmitt
x 387 41 579 44 4 24 schmitt\sinverter
w 144 208 176 160 0
w 464 48 464 112 0
w 464 112 480 96 0
w 464 112 448 96 0
w 176 160 176 176 0
w 176 160 160 160 0
