$ 1 3.125e-11 9.78399845368213 26 5 50 5e-11
422 -1584 -224 -1536 -224 0 1.43e-7 2.5 5
d -1536 -224 -1504 -224 2 default
I -1504 -224 -1456 -224 0 0.5 5
I -1456 -224 -1408 -224 0 0.5 5
c -1504 -192 -1504 -144 0 1e-8 0 0
w -1504 -224 -1504 -192 0
w -1504 -192 -1536 -192 0
r -1536 -192 -1536 -144 0 10
g -1536 -144 -1536 -128 0 0
g -1504 -144 -1504 -128 0 0
g -1504 0 -1504 16 0 0
g -1536 0 -1536 16 0 0
r -1536 -48 -1536 0 0 100
w -1504 -48 -1536 -48 0
w -1504 -80 -1504 -48 0
c -1504 -48 -1504 0 2 1.0000000000000001e-7 0 0.001
I -1456 -80 -1408 -80 0 0.5 5
I -1504 -80 -1456 -80 0 0.5 5
d -1536 -80 -1504 -80 2 1N4148
422 -1584 -80 -1536 -80 0 4.3100000000000003e-7 1 5
g -1504 144 -1504 160 0 0
g -1536 144 -1536 160 0 0
r -1536 96 -1536 144 0 1
w -1504 96 -1536 96 0
w -1504 64 -1504 96 0
c -1504 96 -1504 144 0 1e-9 5.5834e-320 0.001
I -1504 64 -1456 64 0 0.5 5
d -1536 64 -1504 64 2 default
422 -1584 64 -1536 64 0 2.53e-7 2.5 5
g -1504 288 -1504 304 0 0
g -1536 288 -1536 304 0 0
r -1536 240 -1536 288 0 1
w -1504 240 -1536 240 0
w -1504 208 -1504 240 0
c -1504 240 -1504 288 0 1e-9 5.5834e-320 0.001
I -1456 208 -1408 208 0 0.5 5
I -1504 208 -1456 208 0 0.5 5
d -1536 208 -1504 208 2 default
422 -1584 208 -1536 208 0 1.43e-7 2.5 5
g -1504 432 -1504 448 0 0
g -1536 432 -1536 448 0 0
r -1536 384 -1536 432 0 1
w -1504 384 -1536 384 0
w -1504 352 -1504 384 0
c -1504 384 -1504 432 0 1e-9 5.5834e-320 0.001
I -1504 352 -1456 352 0 0.5 5
d -1536 352 -1504 352 2 default
422 -1584 352 -1536 352 0 8.44e-8 2.5 5
I -1632 -80 -1584 -80 0 10 5
w -1584 -80 -1584 64 0
w -1584 -224 -1632 -224 0
w -1632 -224 -1632 -80 0
w -1632 -224 -1648 -224 0
150 -1408 -64 -1296 -64 0 2 0 5
! default 0 R,D,C Q DFF-R 0??\q0\n10\p\q0\n11\p\q1\n
208 -1264 -96 -1184 -96 0 default 0
w -1456 64 -1408 64 0
w -1408 -48 -1408 64 0
w -1296 -64 -1264 -64 0
w -1264 -96 -1296 -96 0
w -1408 -224 -1296 -224 0
w -1296 -224 -1296 -96 0
150 -1408 224 -1296 224 0 2 0 5
w -1408 240 -1408 352 0
w -1408 352 -1456 352 0
w -1296 224 -1264 224 0
w -1296 -96 -1296 192 0
w -1296 192 -1264 192 0
w -1584 64 -1584 176 0
w -1584 208 -1584 176 0
w -1584 176 -1264 176 0
w -1584 208 -1584 320 0
w -1584 320 -1584 352 0
w -1584 320 -1264 320 0
w -1264 256 -1264 320 0
155 -1008 -96 -976 -96 0 0
155 -1136 -96 -1104 -96 0 0
w -1168 -96 -1136 -96 0
w -1040 -96 -1008 -96 0
w -1264 176 -1264 16 0
w -1264 -32 -1264 16 0
w -1264 16 -1136 16 0
w -1136 16 -1136 -64 0
w -1136 16 -1008 16 0
w -1008 -64 -1008 16 0
150 -1168 -160 -1056 -160 0 2 0 5
w -1408 -80 -1408 -176 0
w -1408 -176 -1168 -176 0
w -1168 -96 -1168 -144 0
150 -912 -112 -800 -112 0 2 0 5
w -1040 -96 -1040 -128 0
w -1040 -128 -912 -128 0
150 -800 -144 -688 -144 0 2 0 5
w -1056 -160 -800 -160 0
w -800 -128 -800 -112 0
w -800 160 -800 176 0
w -1056 128 -800 128 0
150 -800 144 -688 144 0 2 0 5
w -1040 160 -912 160 0
w -1040 192 -1040 160 0
150 -912 176 -800 176 0 2 0 5
w -1168 192 -1168 144 0
w -1408 112 -1168 112 0
150 -1168 128 -1056 128 0 2 0 5
w -1008 224 -1008 320 0
w -1136 320 -1008 320 0
w -1136 320 -1136 224 0
w -1264 320 -1136 320 0
w -1040 192 -1008 192 0
w -1168 192 -1136 192 0
155 -1136 192 -1104 192 0 0
155 -1008 192 -976 192 0 0
208 -1264 192 -1184 192 0 default 0
w -1408 208 -1408 112 0
M -688 -144 -672 -144 0 2.5
M -688 144 -672 144 0 2.5
188 -1744 -256 -1696 -256 10 1024 -349897537 -1729875760 -40871064 366875830 -701703628 -627701675 -2140946352 -372030986 -607790795 -1366580 -794218784 -575831181 1666940893 -1530023547 1364294462 -1176541667 1511613289 -351223464 -496445884 -1007270421 530436449 -563654041 -1936057415 124905480 -1913483518 -509166519 193780758 -1016525426 -490640560 -164907761 -744548354 -2103446544
R -1744 -256 -1760 -256 1 2 500000000 2.5 2.5 0 0.5
L -1744 -224 -1760 -224 0 0 false 5 0
o 113 256 0 x13d30b 0.0000762939453125 0.1 0 1
o 114 256 0 x13d30b 0.0000762939453125 0.1 1 1
o 52 2 0 x13d30b 5 0.00009765625 2 2 52 3
